1290234887 359476867
1185057088 2574823384
883472533 3509093658
1862698244 2033181393
239293440 3062457343
1902692504 849530302
1533599809 4044383594
417461412 4095245635
499627320 964171629
541436121 2997450350
247733537 3216758911
1770301735 1744078348
818227523 489683526
728309001 1145253919
1101656223 3660573001
1166805239 4078859737
765976757 2678561500
1396855856 2863837008
405162324 125539516
1236030678 3434765327
281934862 1451248464
539034661 2909226915
1031843996 3202247348
314782033 1117551558
237174964 1553847459
1569497216 3122256241
990216509 1659234787
858698853 2156917562
531314958 853182838
921284677 799956541
224548864 1523495222
828441870 1216921564
591727669 2739553217
1854480521 3695625015
96628950 2941263460
84018232 2221334483
329810276 2096041764
304261266 3485429314
619565092 135437717
686021916 3494483597
997091384 2873070064
1458010387 1181170207
625239307 2616874894
65939599 2605016327
1722393763 2693836557
97297475 425487480
195052651 4233257222
277679253 2999615641
640545021 3674011731
1743537508 2337900663
77910276 1485345679
329441437 4286662458
1115736123 2915424014
178432202 2386993014
831068313 223482617
990429362 378694787
1686290473 2811365529
1409468459 215281467
356719958 3973107237
1789428786 3228664690
149771399 2656855847
1470711108 1605496101
1493661738 542570042
1091484789 749661628
1753296158 321368915
425933878 2186626244
686633143 3262906040
935518324 778586715
1175100762 163649938
138606625 1624345292
149073942 670523931
310508679 2818751022
354467930 3601720718
1512937535 915699308
1164244046 1848468171
753299477 4032988858
767610894 2589685038
989923681 1707411590
1546427425 2758483539
1471060310 1848284589
382404871 3930868550
671435054 3633701084
590101547 1803374432
1638000646 2883162331
939985217 1520258424
342085821 2156188618
713641264 1659726968
675971400 4176155856
54797406 293930796
1793402027 260366579
90396769 3826260378
176361674 3089994855
983600157 3579850651
1264690248 545427147
1873261919 4111403020
1594655901 2267523244
220388352 2927791100
69364961 588526625
107470037 223229233
1205968212 1858418575
1442962706 4031239087
270612585 3384649772
422040680 3310445624
279090333 2623967814
239134739 853895300
216175627 1263066057
1680751780 296761634
105004087 3394322484
1919403348 1122122220
957261860 3481995808
1784734972 1758918065
975989964 1835167913
1493676340 447463191
174147666 594757434
1745498118 2195516292
1564619956 3525212516
260811864 3334373724
1520495881 4261104314
506351896 3406969390
948714798 2137854378
950229236 2502254002
84508951 3371310366
1772598349 300208645
216210443 1103658524
1237509163 1902173778
925194594 3472137535
260767958 379963315
601952541 2443646786
493614198 2729766696
1606886590 1970550481
302077073 3099029572
1439175872 143779088
1781348496 1131374391
653064417 2613006343
204166279 4131448792
132174938 614069428
1945026624 3935912558
1340708186 3435863075
1237425417 3885071305
300085585 2157050815
1629937836 567753194
1858590952 1625427476
1554901036 2272596698
317124947 2380985045
1777095708 1000774008
717240380 3556870406
296045683 3466359105
419481870 1734464359
369323098 262700708
577676425 2854442882
1231944850 1567823976
197188867 2089042597
143378515 3594328730
1556379885 1626590171
860783689 3869976832
1583664268 3883136199
1774370036 395578504
1575829786 3372195024
371516507 1794536790
1940441153 2159653779
977533047 2680581927
510177590 2711926695
726275276 204977086
1311170670 3412877579
465797219 2561204456
122106164 1775159960
1403642208 1736898528
1770650973 3231051744
1623444548 4290961605
1759542369 550612405
445452593 1531433436
963333165 3386637680
318816335 1611308741
1846171742 3257608127
268648617 2080500494
1784956094 4246375559
560319509 583197792
1498307851 4182461597
785003761 1607533515
859912388 1479959584
308979793 183900205
1298286732 2659589389
1268964500 2121515749
267017463 2125695980
79719623 3453506293
1307231534 245468927
1288108121 1224478224
1808675121 2920183784
677713937 2245274192
832684214 3009831399
734684433 1583670606
383837454 4080142920
247643316 960344735
1099582794 3900151952
506309658 2966299698
356620617 3951513336
216144907 167481213
1686338663 259821560
103692447 2586303182
432691455 3733553025
239926518 386655642
398599303 1502322810
42823915 347719843
1001318664 1666126380
1957059745 590411447
1580145742 2488627301
857987096 760072113
711835758 3944124604
1344661814 3294334721
457503945 3557423303
902624492 1155653069
931540077 3467924181
1886258190 3967731796
274870429 1737289002
1141228839 715037383
1585648673 4154374519
268623956 563286790
1461959804 2969568315
954501402 3802890410
203963732 3480586872
1422596236 3302119235
377612400 1404242823
602335556 1475232706
778416244 1434684592
1078622237 3775216881
1397297179 3212267793
1825275144 3552242445
291781731 3174655111
706878543 1072686497
764128279 2579953609
